0 970 206 102 118 609 150 93 125 -8 240 105 159 
1 970 206 102 118 609 151 95 124 -7 240 104 157 
2 970 206 101 117 610 149 95 125 -4 244 112 149 
3 969 206 101 117 609 149 95 126 -5 243 114 148 
4 968 205 102 118 609 148 95 128 -6 240 118 150 
5 967 205 102 118 610 147 94 130 -8 238 123 150 
6 966 205 102 118 610 148 94 128 -8 237 128 150 
7 966 204 101 119 611 148 92 129 -4 238 125 145 
8 965 205 102 118 612 150 91 126 4 222 119 153 
9 965 204 101 119 612 150 91 126 11 225 121 144 
10 964 203 102 120 612 152 91 123 18 223 126 144 
11 964 203 102 120 612 151 91 123 30 215 128 148 
12 964 203 102 121 612 151 91 123 30 215 128 148 
13 964 203 101 121 612 150 92 124 42 214 129 147 
14 964 203 102 120 611 149 96 125 62 212 120 143 
15 964 203 102 121 611 149 96 125 62 211 120 144 
16 964 204 102 119 613 149 94 125 72 211 118 142 
17 965 204 102 119 613 150 94 124 80 197 114 147 
18 965 204 102 119 614 150 94 124 83 196 116 146 
19 966 204 102 119 615 150 92 125 94 194 118 147 
20 967 204 103 119 104 191 116 145 617 150 89 127 
21 967 204 102 119 104 191 116 145 617 150 89 127 
22 967 204 103 119 113 193 112 140 617 150 88 127 
23 968 204 103 120 127 193 109 137 616 150 90 127 
24 968 204 103 120 127 193 109 137 616 151 90 126 
25 969 204 102 120 616 150 90 127 130 192 113 136 
26 969 204 102 119 615 150 91 127 134 190 114 137 
27 969 204 102 119 615 151 91 125 146 190 112 135 
28 969 204 102 120 155 190 106 135 614 150 92 127 
29 969 204 102 120 159 188 105 136 614 150 90 127 
30 969 204 102 120 167 189 100 134 614 150 90 127 
31 969 205 103 119 173 192 100 128 613 150 91 126 
32 969 205 102 118 613 150 90 127 186 192 103 124 
33 969 205 102 118 613 150 90 127 186 192 103 124 
34 968 204 102 119 613 150 89 128 188 193 107 121 
35 963 202 104 121 610 150 91 127 210 179 99 130 
36 963 202 105 121 610 150 91 127 210 180 99 129 
37 962 201 103 121 214 191 98 123 607 153 91 122 
38 958 201 102 122 221 190 96 126 597 153 94 123 
39 958 201 102 122 221 190 96 126 597 153 94 123 
40 957 200 99 122 225 189 95 128 591 151 89 129 
41 956 200 97 122 232 194 101 118 587 172 93 108 
42 956 200 97 122 232 194 101 118 587 172 93 108 
43 954 199 98 123 235 194 103 119 586 157 90 116 
44 953 199 99 123 238 196 103 117 586 155 89 121 
45 953 198 98 123 238 197 105 116 587 155 88 121 
46 952 198 99 123 247 195 105 119 588 155 87 119 
47 952 198 99 123 248 196 104 118 588 155 89 118 
48 952 198 98 123 249 195 104 120 590 156 87 116 
49 250 195 104 120 951 198 99 124 591 156 87 116 
50 951 198 99 123 250 194 105 121 591 155 87 119 
51 950 199 99 122 251 194 103 121 591 155 88 121 
52 950 199 98 122 250 194 104 122 599 172 88 109 
53 950 199 98 122 249 195 106 121 599 174 89 109 644 77 21 21 
54 950 199 98 122 246 194 109 123 600 175 88 108 
55 951 200 97 121 244 195 110 122 601 176 88 108 
56 951 200 97 122 243 196 111 122 601 177 88 108 
57 952 200 96 122 240 198 102 122 602 176 87 109 
58 238 198 103 123 952 201 97 121 603 176 86 109 
59 238 198 103 123 952 201 97 121 603 176 86 109 
60 236 197 103 125 953 201 96 121 605 177 85 107 
61 235 196 103 126 953 200 97 123 606 176 84 108 
62 952 200 101 124 230 195 105 128 608 177 83 105 
63 952 200 102 123 228 194 104 129 608 177 82 106 
64 227 193 103 131 954 200 102 125 608 177 83 106 
65 226 192 101 131 955 200 103 126 608 177 84 106 
66 956 202 104 124 225 191 100 133 609 175 83 107 
67 223 190 100 135 958 202 102 124 609 175 82 107 
68 222 189 99 136 959 202 102 124 607 174 84 110 
69 221 189 99 136 960 203 101 123 606 173 86 111 
70 220 188 99 138 961 203 101 123 604 170 90 115 
71 220 189 99 136 962 204 101 122 606 168 89 117 
72 219 189 100 135 962 204 101 123 606 157 95 118 
73 219 189 99 135 962 205 102 121 610 159 93 115 
74 963 205 102 121 219 189 98 135 614 158 92 118 
75 963 205 102 122 218 188 99 136 620 167 90 121 
76 963 205 102 121 217 188 99 135 624 168 86 120 
77 964 205 102 121 218 188 97 135 625 169 87 119 
78 965 205 102 121 218 188 97 135 625 171 86 117 
79 965 204 102 122 218 187 97 136 625 173 87 114 
80 966 205 102 121 218 186 97 137 625 172 88 117 
81 967 205 102 121 218 186 97 136 625 171 89 118 
82 967 205 102 121 219 186 96 135 625 171 89 119 
83 967 205 103 121 625 171 89 119 218 187 97 133 
84 968 205 102 121 625 171 89 119 220 177 101 135 
85 968 205 101 121 625 171 89 119 220 176 102 136 
86 968 205 102 121 625 173 90 118 221 177 101 134 
87 968 205 102 121 625 173 90 119 221 177 101 134 
88 968 205 102 121 625 173 90 119 221 177 101 134 
89 969 205 101 121 626 173 88 119 222 176 100 135 
90 969 205 101 121 625 173 89 119 222 176 101 136 
91 969 205 101 121 624 173 89 120 222 176 101 136 
92 969 205 101 121 623 174 91 120 223 175 100 138 
93 969 205 101 121 623 174 90 118 223 175 100 138 
94 969 205 101 122 617 177 96 114 224 174 99 140 
95 969 205 101 122 611 180 99 111 223 174 100 139 
96 969 205 101 122 608 183 99 110 222 175 102 137 
97 969 205 102 122 604 183 102 111 222 176 103 135 
98 969 205 102 122 603 183 102 111 221 176 104 135 
99 969 205 102 123 601 182 103 112 221 175 104 136 
100 969 205 102 123 602 182 100 111 221 175 104 136 
101 968 204 102 124 601 182 100 110 221 174 104 138 
102 968 204 101 124 601 182 98 110 221 175 104 137 
103 966 203 103 126 601 181 98 109 221 175 103 137 
104 965 203 104 127 600 181 98 111 222 175 102 137 
105 964 204 103 126 598 181 99 109 223 175 102 137 
106 962 204 104 127 595 181 102 108 223 175 102 137 
107 959 204 105 128 595 182 101 108 223 175 101 138 
108 958 204 106 129 596 182 99 108 224 175 100 138 
109 956 204 106 129 596 183 98 107 224 175 101 137 
110 955 203 105 130 595 182 99 108 224 175 101 137 
111 954 203 105 131 595 182 100 108 224 174 102 138 
112 953 203 104 130 223 174 103 137 594 183 102 108 
113 953 203 103 131 222 174 105 137 594 182 102 109 
114 953 203 102 131 598 183 101 110 221 173 105 138 
115 603 183 98 114 952 203 101 131 220 173 104 138 
116 609 181 96 120 953 203 100 131 218 172 106 140 
117 953 203 100 132 217 171 103 143 623 187 86 115 
118 953 203 100 131 217 172 102 142 627 201 89 110 
119 953 203 100 132 629 204 101 110 213 184 100 139 
120 631 206 106 113 954 204 99 129 209 184 103 139 
121 954 204 98 129 632 207 105 113 207 185 105 138 
122 954 204 99 129 205 187 105 135 631 206 108 114 
123 202 187 108 137 954 203 100 130 632 206 107 113 
124 200 187 109 139 954 204 99 128 637 203 112 110 
125 198 188 112 140 954 203 99 129 638 202 109 109 
126 954 204 98 128 196 187 115 143 640 201 106 107 
127 954 203 99 128 195 187 116 145 645 192 96 103 
128 953 203 100 129 195 188 116 145 636 187 98 112 
129 953 203 100 129 193 189 118 145 636 185 98 113 
130 953 203 100 129 194 188 118 147 636 181 96 115 
131 953 203 99 129 635 180 96 115 195 188 117 148 
132 952 203 100 129 635 176 97 115 196 188 116 150 
133 635 174 95 115 952 203 100 129 197 188 116 153 
134 952 203 99 129 634 173 94 114 197 189 116 155 
135 952 203 99 129 633 172 92 114 198 191 117 155 
136 951 203 100 129 631 171 89 116 201 191 114 157 
137 951 203 100 129 629 171 89 116 202 193 115 155 
138 951 203 100 129 629 171 89 116 202 193 115 155 
139 951 203 100 129 626 169 89 119 199 208 119 152 
140 951 202 100 130 625 169 90 119 201 209 117 152 
141 951 202 100 130 624 168 89 120 204 212 116 148 
142 951 203 101 128 624 167 88 122 207 212 116 151 
143 951 203 101 129 622 166 89 124 210 215 117 150 
144 951 202 102 129 622 167 88 123 211 216 117 150 
145 951 202 102 130 622 167 88 123 211 216 117 150 
146 952 202 100 130 621 165 89 125 215 217 117 152 
147 952 202 100 130 622 166 88 123 217 218 116 152 
148 952 202 101 130 621 167 88 123 218 217 117 153 
149 952 202 101 130 621 166 88 124 220 218 115 153 
150 952 202 101 130 621 167 87 122 221 218 116 154 
151 952 202 101 130 621 167 87 122 221 218 116 154 
152 953 202 100 130 620 167 87 122 222 218 116 154 
153 953 203 100 129 619 166 88 124 221 218 116 155 
154 954 203 100 129 618 165 88 126 221 219 117 154 
155 954 203 100 129 617 165 88 126 220 219 117 154 
156 954 203 100 130 615 165 89 126 220 219 117 154 
157 954 202 100 131 614 166 89 125 220 220 117 153 
158 954 203 100 130 612 166 90 126 220 220 116 153 
159 954 202 100 131 608 167 91 123 219 220 117 153 
160 954 203 101 129 606 169 91 119 218 220 117 152 
161 953 202 102 130 602 169 93 118 218 220 117 153 
162 953 202 102 130 599 168 93 120 218 220 118 152 
163 953 202 103 130 597 167 94 122 219 220 117 152 
164 952 202 103 129 220 220 119 152 596 166 94 124 
165 952 202 102 129 223 221 118 151 591 162 90 131 
166 953 202 101 128 588 161 93 133 224 224 118 146 
167 953 202 101 127 586 165 94 128 227 225 117 146 
168 953 202 101 127 584 170 92 120 229 226 116 146 
169 952 201 101 127 581 172 93 117 229 227 117 144 
170 951 201 102 127 579 170 91 119 225 238 124 145 
171 950 201 103 127 576 169 90 120 226 239 123 146 
172 950 201 102 126 574 171 88 117 225 240 125 145 
173 949 201 102 129 571 174 88 113 225 242 125 145 
174 949 201 102 129 571 174 88 113 225 242 125 145 
175 948 201 103 132 569 173 89 114 225 242 125 146 
176 949 201 101 132 567 171 91 118 225 243 125 145 
177 949 202 100 131 565 169 92 121 226 244 124 144 
178 949 203 99 129 563 170 92 121 226 245 124 143 
179 950 203 98 129 561 170 94 122 226 245 124 143 
180 950 203 98 129 559 170 94 122 226 246 124 143 
181 950 203 98 129 558 171 94 121 226 246 124 143 
182 950 203 98 129 557 171 94 122 226 246 125 144 
183 950 203 98 129 556 171 93 122 226 246 125 145 
184 949 203 99 129 555 169 94 123 226 246 125 145 
185 949 203 99 129 555 169 93 122 226 246 125 145 
186 950 203 98 129 553 169 94 122 227 246 124 145 
187 949 203 99 129 552 169 94 121 227 246 124 144 
188 949 203 99 129 551 170 95 119 227 245 124 144 
189 950 203 99 129 551 171 95 118 224 232 130 166 
190 950 203 99 128 550 172 97 118 224 231 130 166 
191 950 203 99 128 550 172 97 119 223 231 132 165 
192 950 203 99 128 549 171 99 122 225 231 129 164 
193 950 204 100 127 549 174 101 120 226 229 128 165 
194 950 203 100 128 548 175 104 121 229 234 137 153 
195 950 203 101 129 548 179 105 117 228 235 139 150 
196 950 203 101 129 550 181 102 115 228 233 140 153 
197 950 203 101 129 552 185 101 111 228 232 139 154 
198 950 203 102 129 552 187 102 109 228 232 139 154 
199 950 203 102 129 552 187 102 109 228 232 139 154 
200 950 203 102 129 553 186 102 109 233 222 115 153 
201 951 204 101 128 553 184 102 111 232 223 117 151 
202 951 204 101 128 554 181 103 115 231 222 118 153 
203 951 203 102 129 554 180 105 117 230 222 120 153 
204 951 204 102 128 555 182 106 115 229 222 121 152 
205 951 204 102 128 555 181 106 116 229 222 121 152 
206 951 204 102 128 561 180 103 117 228 223 122 150 
207 950 204 103 128 562 179 103 117 228 223 121 150 
208 950 204 103 128 565 179 101 117 229 222 120 151 
209 950 204 104 127 568 180 97 115 228 222 122 150 
210 950 204 104 128 568 180 98 115 228 222 122 150 
211 950 204 103 128 570 180 99 116 229 222 121 149 
212 950 205 103 127 572 178 97 117 229 222 121 148 
213 950 205 104 126 572 175 98 119 229 221 121 149 
214 949 204 105 128 573 173 96 120 229 221 121 148 
215 949 204 105 128 574 171 95 121 229 221 121 149 
216 949 203 106 129 574 171 95 119 229 221 121 149 
217 949 203 106 129 573 171 95 118 230 221 119 148 
218 950 203 105 129 573 172 93 115 229 222 121 146 
219 950 203 105 129 573 172 93 115 229 222 121 147 
220 951 204 107 128 573 173 91 114 230 221 119 148 
221 952 204 107 127 573 173 91 114 231 221 118 148 
222 952 204 109 127 573 172 91 115 231 221 117 148 
223 954 204 108 127 575 171 89 114 233 220 114 151 
224 956 205 108 126 576 171 89 114 232 220 114 152 
225 956 205 110 127 575 168 90 117 231 219 116 154 
226 956 206 110 126 576 167 89 119 231 219 115 154 
227 956 206 108 127 572 156 92 122 229 219 116 154 
228 956 206 107 128 573 156 90 122 227 218 117 153 
229 956 206 107 128 573 156 90 122 227 218 117 153 
230 955 207 107 128 574 158 89 118 220 215 117 154 
231 956 205 104 130 574 158 90 118 213 206 122 163 
232 955 205 103 130 574 158 90 118 212 211 114 154 
233 954 203 104 132 574 158 90 117 207 210 116 151 
234 954 203 104 128 573 158 92 117 197 201 126 160 
235 955 200 101 129 573 158 91 118 199 188 123 167 
236 957 199 101 126 192 190 125 161 573 158 91 118 
237 960 200 102 123 186 189 130 158 576 169 88 115 
238 961 201 102 123 572 160 93 115 185 189 127 154 
239 961 201 103 123 571 159 92 115 183 189 115 151 
240 961 201 103 122 571 160 92 114 183 189 115 151 
241 962 201 103 123 569 160 92 110 175 181 116 151 
242 961 202 105 121 569 157 90 112 175 165 112 156 
243 963 201 103 123 569 152 93 118 169 163 114 156 
244 571 149 90 118 963 202 103 123 165 163 114 151 
245 572 150 89 114 961 204 106 124 162 160 113 151 
246 960 205 109 124 571 149 91 112 157 158 116 152 
247 963 207 105 121 572 148 89 111 156 157 113 151 
248 964 207 104 120 153 153 114 155 571 147 91 113 
249 962 205 106 123 571 146 90 114 150 154 116 151 
250 962 203 105 124 571 145 88 115 144 152 121 153 
251 964 201 102 125 569 145 91 118 142 153 122 150 
252 964 198 101 129 570 148 88 116 141 154 121 148 
253 964 198 101 129 570 148 88 116 141 154 121 148 
254 962 197 104 126 569 149 91 122 131 154 118 144 
255 962 197 104 126 569 150 91 121 131 155 118 143 
256 963 195 103 126 572 159 89 111 130 154 113 146 
257 963 196 103 127 575 159 89 111 128 154 112 146 
258 961 199 104 125 577 159 88 112 125 155 113 146 
259 962 199 103 126 578 157 90 115 124 156 113 145 
260 578 155 90 118 962 199 103 125 123 157 112 143 
261 578 154 91 119 961 198 104 127 122 156 112 144 
262 579 153 90 120 960 198 105 126 122 157 112 142 
263 581 152 89 117 962 199 103 125 122 158 111 140 
264 581 152 89 117 962 199 103 125 122 158 111 140 
265 581 152 90 116 962 200 102 124 123 158 110 141 
266 582 153 90 116 962 201 101 123 125 158 109 140 
267 582 153 90 116 962 201 101 123 125 158 109 140 
268 583 153 89 117 962 201 102 123 126 159 110 139 
269 583 151 89 120 962 202 102 122 129 158 110 140 
270 584 151 89 120 962 202 102 122 128 158 111 139 
271 584 151 90 120 962 202 102 123 130 158 110 139 
272 586 152 90 119 962 201 102 123 134 159 110 138 
273 586 152 90 119 962 201 102 123 134 158 111 139 
274 587 151 90 120 962 202 101 121 134 160 113 136 
275 587 151 90 121 962 202 101 121 135 160 113 136 
276 587 150 90 122 962 202 101 121 146 162 109 134 
277 587 151 90 121 961 201 103 122 147 161 110 134 
278 587 151 91 122 156 161 102 133 960 199 105 124 
279 587 151 91 122 156 161 102 133 961 199 104 123 
280 587 151 91 121 159 159 102 136 959 199 107 124 
281 587 151 90 121 959 198 105 122 169 159 98 135 
282 587 151 90 121 959 198 105 122 169 159 98 135 
283 586 151 91 121 961 198 103 121 173 160 98 133 
284 587 151 90 122 180 162 101 128 964 196 102 121 
285 587 151 90 122 180 162 101 128 964 196 102 121 
286 587 150 90 123 183 163 103 126 965 195 101 122 
287 586 151 91 122 185 165 103 123 965 195 100 121 
288 586 150 92 123 187 165 103 124 966 195 98 120 
289 586 149 92 125 188 166 105 124 967 195 96 119 
290 586 150 92 123 969 194 95 120 190 167 104 124 
291 587 151 92 122 970 192 95 122 196 167 107 126 
